# number name wavelength(A) relative_strength1 NeVIII 770.409 0.1
2 Lyb 1025.722 0.1
3 Lya 1215.670  10
4 CII-1334 1334.532 0.1
5 CII-1335 1335.708 0.1
6 SiIV 1402.770 0.1
7 CIV-1549 1549.0 0.1
8 HeII 1640.420 0.1
9 CIII-1909 1908.734 0.1
10 CII-2324 2323.500 0.1
11 CII-2325 2324.690 0.1
12 MgII-2796 2795.528 0.1
13 MgII-2803 2802.705 0.1
14 HeII-3203 3203.1 0.1
15 NeV-3346 3345.821 0.1
16 NeV-3426 3425.881 0.1
17 OII 3726.032 10
18 NeIII-3868 3868.760 0.1
19 HeI 3888.647 0.1
20 NeIII 3967.470 0.1
21 Hepsilon 3970.079 0.1
22 FeV 4071.240 0.1
23 Hdelta 4101.742 0.1
24 Hgamma 4340.471 0.1
25 OIII-4363 4363.210 0.1
26 HeII-4686 4685.710 0.1
27 Hb 4861.333 1.0
28 OIII-4959 4958.911 1.0
29 OIII-5007 5006.843 10
30 HeI-5875 5875.624 0.1
31 NII-6548 6548.050 0.1
32 Ha 6562.819 10
33 NII-6583 6583.460 0.1
34 SII-6730 6730.810 0.1
35 ArIII-7135 7135.790 0.1
36 ArIII-7751 7751.060 0.1
37 HeI-7816 7816.136 0.1
38 SIII-9068 9068.600 0.1